<?xml version="1.0"?>
<opencv_storage>
<xmin>-7.0163898468017578e+00</xmin>
<xmax>8.5836095809936523e+00</xmax>
<ymin>-1.3279600143432617e+01</ymin>
<ymax>1.2120400428771973e+01</ymax>
<zmin>-7.0349001884460449e+00</zmin>
<zmax>2.4865100860595703e+01</zmax>
</opencv_storage>
