%YAML:1.0
---
xmin: -6.8000001907348633e+00
xmax: 6.8000001907348633e+00
ymin: -1.0500000000000000e+01
ymax: 11.
zmin: -1.8999999761581421e+00
zmax: 2.2899999618530273e+01
